   1  1908
   4  1909
   3  1911
   6  1912
   7  1913
   4  1914
   9  1915
   6  1916
   8  1917
   5  1918
  11  1919
  11  1920
  15  1921
   7  1922
  13  1923
  13  1924
  11  1925
  18  1926
  22  1927
  14  1928
  28  1929
  36  1930
  39  1931
  73  1932
  47  1933
  59  1934
  62  1935
  46  1936
  37  1937
  59  1938
  77  1939
  62  1940
  41  1941
  23  1942
  26  1943
  41  1944
  34  1945
  50  1946
  18  1947
  44  1948
  47  1949
  52  1950
  38  1951
  26  1952
  42  1953
  54  1954
  41  1955
  36  1956
  39  1957
  22  1958
  38  1959
  32  1960
  35  1961
  34  1962
  31  1963
  30  1964
  21  1965
  21  1966
  16  1967
  19  1968
  17  1969
  15  1970
  24  1971
  27  1972
  28  1973
  49  1974
  25  1975
  38  1976
  23  1977
  22  1978
  23  1979
  24  1980
  23  1981
  25  1982
  22  1983
  18  1984
  11  1985
  17  1986
  15  1987
  20  1988
  18  1989
  38  1990
  31  1991
  40  1992
  44  1993
  36  1994
   9  1995
  20  1996
  29  1997
  14  1998
  12  1999
