   1  1908
   3  1911
   4  1909
   4  1914
   5  1918
   6  1912
   6  1916
   7  1913
   7  1922
   8  1917
   9  1915
   9  1995
  11  1919
  11  1920
  11  1925
  11  1985
  12  1999
  13  1923
  13  1924
  14  1928
  14  1998
  15  1921
  15  1970
  15  1987
  16  1967
  17  1969
  17  1986
  18  1926
  18  1947
  18  1984
  18  1989
  19  1968
  20  1988
  20  1996
  21  1965
  21  1966
  22  1927
  22  1958
  22  1978
  22  1983
  23  1942
  23  1977
  23  1979
  23  1981
  24  1971
  24  1980
  25  1975
  25  1982
  26  1943
  26  1952
  27  1972
  28  1929
  28  1973
  29  1997
  30  1964
  31  1963
  31  1991
  32  1960
  34  1945
  34  1962
  35  1961
  36  1930
  36  1956
  36  1994
  37  1937
  38  1951
  38  1959
  38  1976
  38  1990
  39  1931
  39  1957
  40  1992
  41  1941
  41  1944
  41  1955
  42  1953
  44  1948
  44  1993
  46  1936
  47  1933
  47  1949
  49  1974
  50  1946
  52  1950
  54  1954
  59  1934
  59  1938
  62  1935
  62  1940
  73  1932
  77  1939
