    264 1992
    260 1993
    249 1998
    245 1990
    239 1991
    224 1980
    207 1997
    206 1994
    187 1981
    186 1989
    184 1983
    184 1982
    184 1957
    181 1996
    179 1958
    167 1961
    166 1960
    166 1939
    164 1962
    158 1964
    158 1940
    156 1976
    156 1956
    153 1978
    152 1988
    149 1965
    148 1971
    148 1955
    147 1985
    147 1963
    146 1970
    146 1954
    144 1984
    143 1959
    142 1979
    142 1946
    141 1932
    139 1935
    136 1972
    136 1938
    136 1936
    135 1952
    134 1968
    134 1949
    133 1977
    129 1948
    129 1944
    128 1942
    127 1953
    126 1967
    125 1951
    124 1969
    122 1973
    119 1966
    119 1947
    119 1943
    117 1941
    117 1933
    116 1987
    114 1975
    113 1950
    112 1937
    111 1974
    110 1945
    108 1934
    107 1986
    103 1931
    102 1999
    102 1995
     99 1930
     86 1929
     72 1927
     64 1928
     47 1926
     44 1925
     44 1920
     42 1924
     41 1923
     36 1922
     36 1921
     33 1916
     32 1915
     30 1919
     30 1918
     28 1917
     26 1913
     23 1914
     22 1912
     15 1911
     11 1908
     10 1909
      9 199
      8 19
      7 1895
      6 1910
      6 1902
      3 1906
      3 1905
      3 1903
      3 1900
      2 1904
      2 1896
      2 1/
      1 1901
      1 1893
      1 149
